Matrix 		(Threads)	Single	(Threads)	Multi-Core 
size	  	[Cores]		Core	 [Cores]

16		(1)[1]		15	(2)[2]		5
16		(1)[1]		6	(4)[4]		6
16		(1)[1]		17	(8)[8]		9
16		(1)[1]		5	(12)[12]		8
16		(1)[1]		5	(16)[16]		8
16		(1)[1]		5	(20)[20]		7
16		(1)[1]		5	(24)[24]		6
16		(1)[1]		5	(32)[32]		5
16		(1)[1]		5	(64)[64]		4
16		(1)[1]		4	(80)[80]		5
16		(1)[1]		4	(90)[88]		4
16		(1)[1]		4	(100)[88]		5
64		(1)[1]		23	(2)[2]		22
64		(1)[1]		20	(4)[4]		20
64		(1)[1]		19	(8)[8]		19
64		(1)[1]		18	(12)[12]		25
64		(1)[1]		18	(16)[16]		26
64		(1)[1]		17	(20)[20]		25
64		(1)[1]		16	(24)[24]		31
64		(1)[1]		15	(32)[32]		29
64		(1)[1]		16	(64)[64]		21
64		(1)[1]		18	(80)[80]		22
64		(1)[1]		15	(90)[88]		25
64		(1)[1]		16	(100)[88]		21
256		(1)[1]		116	(2)[2]		123
256		(1)[1]		94	(4)[4]		110
256		(1)[1]		88	(8)[8]		109
256		(1)[1]		88	(12)[12]		94
256		(1)[1]		75	(16)[16]		145
256		(1)[1]		83	(20)[20]		186
256		(1)[1]		79	(24)[24]		110
256		(1)[1]		83	(32)[32]		137
256		(1)[1]		89	(64)[64]		136
256		(1)[1]		94	(80)[80]		125
256		(1)[1]		78	(90)[88]		121
256		(1)[1]		94	(100)[88]		195
1024		(1)[1]		935	(2)[2]		711
1024		(1)[1]		983	(4)[4]		630
1024		(1)[1]		931	(8)[8]		622
1024		(1)[1]		953	(12)[12]		695
1024		(1)[1]		915	(16)[16]		1269
1024		(1)[1]		935	(20)[20]		822
1024		(1)[1]		940	(24)[24]		819
1024		(1)[1]		927	(32)[32]		850
1024		(1)[1]		919	(64)[64]		1359
1024		(1)[1]		931	(80)[80]		1153
1024		(1)[1]		947	(90)[88]		1338
1024		(1)[1]		959	(100)[88]		1233
2048		(1)[1]		5074	(2)[2]		3188
2048		(1)[1]		5010	(4)[4]		2530
2048		(1)[1]		5078	(8)[8]		2397
2048		(1)[1]		4957	(12)[12]		2910
2048		(1)[1]		5108	(16)[16]		2873
2048		(1)[1]		4845	(20)[20]		3145
2048		(1)[1]		5155	(24)[24]		3153
2048		(1)[1]		4948	(32)[32]		3888
2048		(1)[1]		5133	(64)[64]		4946
2048		(1)[1]		5096	(80)[80]		2741
2048		(1)[1]		4981	(90)[88]		4680
2048		(1)[1]		4777	(100)[88]		5093
